vl.con=[
12 110.00    
01 345.00 
02 345.00    
39 345.00    
09 345.00    
08 345.00    
05 345.00    
07 345.00    
06 345.00    
04 345.00    
03 345.00    
25 345.00    
18 345.00    
26 345.00    
17 345.00    
27 345.00    
29 345.00    
28 345.00    
23 345.00    
24 345.00    
16 345.00    
21 345.00    
22 345.00    
19 345.00    
15 345.00    
14 345.00    
13 345.00    
10 345.00    
11 345.00    
31 22.00    
32 22.00    
34 22.00    
20 110.00    
33 22.00    
36 22.00    
37 22.00    
35 22.00    
38 22.00    
30 22.00    
];